N=8 total_solutions=92

Solution 1: [1, 13, 24, 30, 35, 47, 50, 60]
Solution 2: [1, 14, 24, 27, 39, 44, 50, 61]
Solution 3: [1, 15, 20, 30, 40, 42, 53, 59]
Solution 4: [1, 15, 21, 32, 34, 44, 54, 59]
Solution 5: [2, 12, 22, 32, 35, 41, 55, 61]
Solution 6: [2, 13, 23, 25, 35, 48, 54, 60]
Solution 7: [2, 13, 23, 28, 33, 48, 54, 59]
Solution 8: [2, 14, 17, 31, 36, 48, 51, 61]
Solution 9: [2, 14, 24, 27, 33, 44, 55, 61]
Solution 10: [2, 15, 19, 30, 40, 45, 49, 60]
Solution 11: [2, 15, 21, 32, 33, 44, 54, 59]
Solution 12: [2, 16, 22, 25, 35, 45, 55, 60]
Solution 13: [3, 9, 23, 29, 40, 42, 52, 62]
Solution 14: [3, 13, 18, 32, 33, 47, 52, 62]
Solution 15: [3, 13, 18, 32, 38, 44, 55, 57]
Solution 16: [3, 13, 23, 25, 36, 42, 56, 62]
Solution 17: [3, 13, 24, 28, 33, 47, 50, 62]
Solution 18: [3, 14, 18, 29, 40, 41, 55, 60]
Solution 19: [3, 14, 18, 31, 33, 44, 56, 61]
Solution 20: [3, 14, 18, 31, 37, 41, 56, 60]
Solution 21: [3, 14, 20, 25, 40, 45, 55, 58]
Solution 22: [3, 14, 20, 26, 40, 45, 55, 57]
Solution 23: [3, 14, 24, 25, 36, 47, 53, 58]
Solution 24: [3, 14, 24, 25, 37, 47, 50, 60]
Solution 25: [3, 14, 24, 26, 36, 41, 55, 61]
Solution 26: [3, 15, 18, 32, 37, 41, 52, 62]
Solution 27: [3, 15, 18, 32, 38, 44, 49, 61]
Solution 28: [3, 16, 20, 31, 33, 46, 50, 61]
Solution 29: [4, 9, 21, 32, 34, 47, 51, 62]
Solution 30: [4, 9, 21, 32, 38, 43, 55, 58]
Solution 31: [4, 10, 21, 32, 38, 41, 51, 63]
Solution 32: [4, 10, 23, 27, 38, 48, 49, 61]
Solution 33: [4, 10, 23, 27, 38, 48, 53, 57]
Solution 34: [4, 10, 23, 29, 33, 48, 54, 59]
Solution 35: [4, 10, 24, 29, 39, 41, 51, 62]
Solution 36: [4, 10, 24, 30, 33, 43, 53, 63]
Solution 37: [4, 14, 17, 29, 34, 48, 51, 63]
Solution 38: [4, 14, 24, 26, 39, 41, 51, 61]
Solution 39: [4, 14, 24, 27, 33, 47, 53, 58]
Solution 40: [4, 15, 17, 32, 37, 42, 54, 59]
Solution 41: [4, 15, 19, 32, 34, 45, 49, 62]
Solution 42: [4, 15, 21, 26, 38, 41, 51, 64]
Solution 43: [4, 15, 21, 27, 33, 46, 56, 58]
Solution 44: [4, 16, 17, 27, 38, 42, 55, 61]
Solution 45: [4, 16, 17, 29, 39, 42, 54, 59]
Solution 46: [4, 16, 21, 27, 33, 47, 50, 62]
Solution 47: [5, 9, 20, 30, 40, 42, 55, 59]
Solution 48: [5, 9, 24, 28, 34, 47, 51, 62]
Solution 49: [5, 9, 24, 30, 35, 47, 50, 60]
Solution 50: [5, 10, 20, 30, 40, 43, 49, 63]
Solution 51: [5, 10, 20, 31, 35, 48, 54, 57]
Solution 52: [5, 10, 22, 25, 39, 44, 56, 59]
Solution 53: [5, 10, 24, 25, 36, 47, 51, 62]
Solution 54: [5, 11, 17, 30, 40, 42, 52, 63]
Solution 55: [5, 11, 17, 31, 34, 48, 54, 60]
Solution 56: [5, 11, 24, 28, 39, 41, 54, 58]
Solution 57: [5, 15, 17, 27, 40, 46, 52, 58]
Solution 58: [5, 15, 17, 28, 34, 48, 54, 59]
Solution 59: [5, 15, 18, 28, 40, 41, 51, 62]
Solution 60: [5, 15, 18, 30, 35, 41, 52, 64]
Solution 61: [5, 15, 18, 30, 35, 41, 56, 60]
Solution 62: [5, 15, 20, 25, 35, 48, 54, 58]
Solution 63: [5, 16, 20, 25, 35, 46, 50, 63]
Solution 64: [5, 16, 20, 25, 39, 42, 54, 59]
Solution 65: [6, 9, 21, 26, 40, 43, 55, 60]
Solution 66: [6, 10, 23, 25, 35, 45, 56, 60]
Solution 67: [6, 10, 23, 25, 36, 48, 53, 59]
Solution 68: [6, 11, 17, 31, 37, 48, 50, 60]
Solution 69: [6, 11, 17, 32, 36, 42, 55, 61]
Solution 70: [6, 11, 17, 32, 37, 42, 52, 63]
Solution 71: [6, 11, 21, 31, 33, 44, 50, 64]
Solution 72: [6, 11, 21, 32, 33, 44, 50, 63]
Solution 73: [6, 11, 23, 26, 36, 48, 49, 61]
Solution 74: [6, 11, 23, 26, 40, 45, 49, 60]
Solution 75: [6, 11, 23, 28, 33, 48, 50, 61]
Solution 76: [6, 12, 17, 29, 40, 42, 55, 59]
Solution 77: [6, 12, 18, 32, 37, 47, 49, 59]
Solution 78: [6, 12, 23, 25, 35, 45, 50, 64]
Solution 79: [6, 12, 23, 25, 40, 42, 53, 59]
Solution 80: [6, 16, 18, 28, 33, 47, 53, 59]
Solution 81: [7, 9, 19, 32, 38, 44, 50, 61]
Solution 82: [7, 10, 20, 25, 40, 45, 51, 62]
Solution 83: [7, 10, 22, 27, 33, 44, 56, 61]
Solution 84: [7, 11, 17, 30, 40, 45, 50, 60]
Solution 85: [7, 11, 24, 26, 37, 41, 54, 60]
Solution 86: [7, 12, 18, 29, 40, 41, 51, 62]
Solution 87: [7, 12, 18, 32, 38, 41, 51, 61]
Solution 88: [7, 13, 19, 25, 38, 48, 50, 60]
Solution 89: [8, 10, 20, 25, 39, 45, 51, 62]
Solution 90: [8, 10, 21, 27, 33, 47, 52, 62]
Solution 91: [8, 11, 17, 30, 34, 45, 55, 60]
Solution 92: [8, 12, 17, 27, 38, 42, 55, 61]
